 --- Adjacency List ---
table [ 1 ] -	3	6	8	11	12	14	21	26	27	30	32	33	34	36	49	50	56	59	65	70	71	74	75
table [ 2 ] -	7	11	17	23	28	29	35	40	49	51	60	68
table [ 3 ] -	1	10	11	13	21	25	28	35	43	50	54	55	57	62	64	68	74	75	77
table [ 4 ] -	6	9	11	13	18	22	27	30	33	38	39	48	50	52	55	59	64	67	68	71
table [ 5 ] -	10	11	12	17	22	32	33	35	36	38	39	43	46	50	52	60	62	67	68	73	76
table [ 6 ] -	1	4	26	27	28	33	34	39	43	45	46	49	54	58	64	66	67	68	70
table [ 7 ] -	2	14	15	16	19	22	24	36	37	40	47	55	56	61	73
table [ 8 ] -	1	11	12	16	21	22	26	29	30	32	36	40	42	43	47	61	65	67	69	71	75
table [ 9 ] -	4	11	18	20	27	31	39	46	49	50	53	54	55	58	69	71
table [ 10 ] -	3	5	14	16	18	19	21	28	30	48	58	64	67	72	74	76
table [ 11 ] -	1	2	3	4	5	8	9	15	18	23	24	25	27	28	31	32	36	38	49	53	63	65	66	69	74
table [ 12 ] -	1	5	8	19	35	37	38	48	49	52	53	57	71	77
table [ 13 ] -	3	4	15	18	34	36	43	47	55	70	76	77
table [ 14 ] -	1	7	10	21	26	30	37	40	43	44	46	49	54	57	58	64	67	68	69	71	72
table [ 15 ] -	7	11	13	16	19	23	24	25	39	44	45	56	62	64	73
table [ 16 ] -	7	8	10	15	21	26	28	29	33	35	42	47	54	55	61	65	70
table [ 17 ] -	2	5	23	24	26	30	32	34	40	45	50	51	53	54	55	56	57	58	59	60	62	65	73	74
table [ 18 ] -	4	9	10	11	13	22	25	30	32	34	36	39	43	45	60	61	64	77
table [ 19 ] -	7	10	12	15	26	28	33	34	43	46	57	59	70	72	76
table [ 20 ] -	9	28	29	37	41	43	47	52	73	74	75	76
table [ 21 ] -	1	3	8	10	14	16	23	27	28	32	33	47	51	53	56	60	73	74
table [ 22 ] -	4	5	7	8	18	28	33	34	36	41	42	45	48	58	61	62	63	64	67	70	73	76
table [ 23 ] -	2	11	15	17	21	27	28	37	42	49	54	63	73
table [ 24 ] -	7	11	15	17	26	28	32	38	46	48	50	52	58	62	71	73	77
table [ 25 ] -	3	11	15	18	35	41	45	52	56	57	59	61	63	69	71	72	74
table [ 26 ] -	1	6	8	14	16	17	19	24	36	43	44	47	54	56	60	64	66	70	71
table [ 27 ] -	1	4	6	9	11	21	23	33	34	36	63	73	75	77
table [ 28 ] -	2	3	6	10	11	16	19	20	21	22	23	24	29	39	47	52	55	58	59	63	67	69	70	71
table [ 29 ] -	2	8	16	20	28	36	38	40	41	42	44	45	50	55	56	57	68	69	70	73	74
table [ 30 ] -	1	4	8	10	14	17	18	33	34	36	48	57	58	63	66	77
table [ 31 ] -	9	11	32	42	44	45	52	55	63	65	70	72	76	77
table [ 32 ] -	1	5	8	11	17	18	21	24	31	33	34	35	38	42	43	52	66	72
table [ 33 ] -	1	4	5	6	16	19	21	22	27	30	32	40	42	43	48	51	54	55	57	59	71	76
table [ 34 ] -	1	6	13	17	18	19	22	27	30	32	36	39	40	42	53	63	69	72
table [ 35 ] -	2	3	5	12	16	25	32	37	41	46	48	50	52	55	57	62	77
table [ 36 ] -	1	5	7	8	11	13	18	22	26	27	29	30	34	37	39	43	53	54	56	60	62	63	75
table [ 37 ] -	7	12	14	20	23	35	36	44	47	65	72
table [ 38 ] -	4	5	11	12	24	29	32	40	42	47	51	53	59	61	62	63	64	67	73
table [ 39 ] -	4	5	6	9	15	18	28	34	36	43	45	52	53	57	59	64	68	72
table [ 40 ] -	2	7	8	14	17	29	33	34	38	45	46	47	53	55	56	59	65	66	73
table [ 41 ] -	20	22	25	29	35	45	54	55	63	64	65	74
table [ 42 ] -	8	16	22	23	29	31	32	33	34	38	46	47	49	50	58	64	67	69	74
table [ 43 ] -	3	5	6	8	13	14	18	19	20	26	32	33	36	39	44	45	48	66	70	74
table [ 44 ] -	14	15	26	29	31	37	43	46	47	49	57	58	59	71
table [ 45 ] -	6	15	17	18	22	25	29	31	39	40	41	43	49	52	55	56	60	65	72
table [ 46 ] -	5	6	9	14	19	24	35	40	42	44	50	53	56	60	63	64	69	72
table [ 47 ] -	7	8	13	16	20	21	26	28	37	38	40	42	44	52	53	56	58	63	68	73	76
table [ 48 ] -	4	10	12	22	24	30	33	35	43	50	52	72	76	77
table [ 49 ] -	1	2	6	9	11	12	14	23	42	44	45	56	57	58	59	64	67	71	76	77
table [ 50 ] -	1	3	4	5	9	17	24	29	35	42	46	48	52	56	57	58	60	61	70	74	77
table [ 51 ] -	2	17	21	33	38	53	56	57	64	69	71	72	74	76
table [ 52 ] -	4	5	12	20	24	25	28	31	32	35	39	45	47	48	50	55	57	59	61	62	67
table [ 53 ] -	9	11	12	17	21	34	36	38	39	40	46	47	51	54	59	61	63	68	73	76
table [ 54 ] -	3	6	9	14	16	17	23	26	33	36	41	53	56	57	59	62	64	69	76
table [ 55 ] -	3	4	7	9	13	16	17	28	29	31	33	35	40	41	45	52	61	62	71	74	75
table [ 56 ] -	1	7	15	17	21	25	26	29	36	40	45	46	47	49	50	51	54	57	72	75
table [ 57 ] -	3	12	14	17	19	25	29	30	33	35	39	44	49	50	51	52	54	56	60	70
table [ 58 ] -	6	9	10	14	17	22	24	28	30	42	44	47	49	50
table [ 59 ] -	1	4	17	19	25	28	33	38	39	40	44	49	52	53	54	70	72	77
table [ 60 ] -	2	5	17	18	21	26	36	45	46	50	57	62	64	69	73	74	77
table [ 61 ] -	7	8	16	18	22	25	38	50	52	53	55	65	75
table [ 62 ] -	3	5	15	17	22	24	35	36	38	52	54	55	60	72	73
table [ 63 ] -	11	22	23	25	27	28	30	31	34	36	38	41	46	47	53	67	75	76
table [ 64 ] -	3	4	6	10	14	15	18	22	26	38	39	41	42	46	49	51	54	60	65	67	70	74	75
table [ 65 ] -	1	8	11	16	17	31	37	40	41	45	61	64	68	70
table [ 66 ] -	6	11	26	30	32	40	43	67	70	76	77
table [ 67 ] -	4	5	6	8	10	14	22	28	38	42	49	52	63	64	66	70	74
table [ 68 ] -	2	3	4	5	6	14	29	39	47	53	65	72	74	76	77
table [ 69 ] -	8	9	11	14	25	28	29	34	42	46	51	54	60	70	71	72
table [ 70 ] -	1	6	13	16	19	22	26	28	29	31	43	50	57	59	64	65	66	67	69
table [ 71 ] -	1	4	8	9	12	14	24	25	26	28	33	44	49	51	55	69	73	77
table [ 72 ] -	10	14	19	25	31	32	34	37	39	45	46	48	51	56	59	62	68	69
table [ 73 ] -	5	7	15	17	20	21	22	23	24	27	29	38	40	47	53	60	62	71	76
table [ 74 ] -	1	3	10	11	17	20	21	25	29	41	42	43	50	51	55	60	64	67	68
table [ 75 ] -	1	3	8	20	27	36	55	56	61	63	64	76
table [ 76 ] -	5	10	13	19	20	22	31	33	47	48	49	51	53	54	63	66	68	73	75	77
table [ 77 ] -	3	12	13	18	24	27	30	31	35	48	49	50	59	60	66	68	71	76

